transitionprobs_Q_i_j
0.506961744885418
0.174889326411406
0.182451757625863
0.26916055479143
0.112366123405765
0.724425936809765
0.933305216439258
0.748215244111105
0.0730931188822034
0.0510051469730163
0.0676472089481307
0.868919229534504
0.690601389242093
0.818562880054662
0.243856374590129
0.683966425078053
0.417150882491106
0.434146307190117
0.955336112632998
0.316878362207227
0.556166189154937
0.807212628746764
0.375092514242025
0.358024979490128
0.673508509852774
0.854865613408042
0.820047014428067
0.0865374655464126
0.0537134883957768
0.139038384998725
0.712480333020625
0.371062891812182
0.477841436320237
0.385555254555111
0.0837760127724331
0.0927274557470625
0.76394500542147
0.152055601988378
0.810450757690167
0.746672042339363
0.987883251369807
0.487580319587513
0.433932758028648
0.146373804921341
0.479410545847595
0.0691350300252955
0.89968769545586
0.951600416601019
0.071116189291738
0.781594622194048
0.62398693898334
0.887755305270352
0.240726511686233
0.438473733179278
0.839349797120251
0.233881470232972
0.0776490641226423
0.324791602943502
0.483900858935692
0.0420458174742153
0.886843637224947
0.759210575406467
0.560922031291279
0.62912202619699
0.381871586794924
0.219221730299641
0.811232715401708
0.79438385044149
0.109014831388048
0.192744699775138
0.891585207020396
0.397057703104236
0.764855837802571
0.992991714967341
0.896882311467036
0.383539504984145
0.753647707850827
0.512143655074274
0.709177469727746
0.222115774362316
0.571854759375589
0.882758783213174
0.615228139659784
0.777467191151048
0.58241319050152
0.721702774089291
0.931173968646778
0.357292745409218
0.727043654361069
0.561547698781159
0.430918541603168
0.0942731970295426
0.341607671916447
0.822053329349839
0.568834876901962
0.459171553852041
0.998388745255153
0.939363013261915
0.833324470451678
0.898430241818204
0.735819424042939
0.695670156955367
0.769094618742423
0.910817202096059
0.829810334477851
0.272054952201438
0.138881295151279
0.634670112188882
0.163118576361897
0.123847232457643
0.740382735662361
0.66021693906735
0.78628560816437
0.756208383339409
0.391265901856302
0.359162323337589
0.190115009764455
0.0715681488713167
0.347721821084876
0.208995983649651
0.99720851959691
0.384022517314976
0.0358093049923693
0.388519401160938
0.640350896967334
0.974691140789832
0.079843058584733
0.390617533073861
0.975097138725572
0.271600009401274
0.768042067233125
0.139977158998723
0.474360793184513
0.676345544950654
0.858069587529882
0.580913312478294
0.615440645481485
0.36993033348501
0.825475996835793
0.887332282913918
0.243900564864257
0.331170051928658
0.032452031762133
0.524737244385008
0.796016817402198
0.437492009422801
0.203688357215435
0.244814043549216
0.628126443669404
0.258357246794468
0.0990912841301145
0.769819778999725
0.859357646032112
0.949689393490078
0.819487976756145
0.254398271755539
0.479326624441428
0.553729847028627
0.433996954921562
0.332803806405864
0.670839124190576
0.231044098565925
0.832188783481384
0.740350806301449
0.121239099468896
0.389740609931268
0.608631547447629
0.777789919202643
0.167483198994987
0.7422062138242
0.613527522925048
0.499570561332361
0.00286509120572376
0.640046161874861
0.184896465536418
0.164713012272167
0.502167685554245
0.497388129830182
0.00442081760715407
0.0142085728862065
0.574745010988061
0.357837086731574
0.88763750697369
0.507481250969829
0.706363431859546
0.557194654358674
0.495898322068651
0.665104086520641
0.467501565774445
0.105089978849271
0.705519725691251
0.888996847280321
0.349177585129664
0.138826980466765
0.809292339112275
0.709846946193091
0.584770381043648
0.124261216372496
0.335530376281952
0.180563167234235
0.893900809130339
0.413076871827354
0.909708201521477
0.853889355328399
0.545122193368141
0.732589886720941
0.173388231791072
0.55530343901802
0.0733082099039143
0.629840618953697
0.0430418272129762
0.422777001706487
0.673841945617564
0.48939391727631
0.324023120444283
0.118273000024209
0.087813237624968
0.454426234427594
0.96208925057879
0.903432687484322
0.404408160520381
0.738597214240221
0.659797369149844
0.0340821491293158
0.719676297711748
0.970438566839167
0.16458631633778
0.711076456874526
0.623571458367685
0.532054900917126
0.486187239864216
0.419594815777677
0.928758825729977
0.148140988173752
0.66684068577058
0.465994636882937
0.0321910296522471
0.0826665191554004
0.862671954074872
0.58302178380924
0.210631736261651
0.167372113212821
0.274439537304176
0.529466840350484
0.515109570189538
0.776722813924448
0.726611718659074
0.610830203958149
0.173264832825253
0.637280454280459
0.353718128090237
0.0678374137091202
0.470252220218021
0.521872476403777
0.694068897955802
0.131025956672368
0.933957936361191
0.678955173481817
0.619458234045751
0.497107951313376
0.0973330432505802
0.190710722229048
0.565233183714613
0.221475867458773
0.760472792360939
0.0117255539316709
0.605581625737971
0.366174232123229
0.685172133874345
0.0207626125004982
0.211865003595983
0.649527528780234
0.210198973003091
0.871596876041776
0.0209168354107135
0.392656799015005
0.917424715580585
0.711522867522587
0.223178098282562
0.0746976494736465
0.0583969617072772
0.420211901285003
0.215462905791163
0.191444925349614
0.238880730204984
0.0665983581689029
0.220461934741348
0.866076348484967
0.731957124096481
0.393937236054319
0.375021318865303
0.0144042140465699
0.372100808787671
0.546824407055989
0.598269818511583
0.472971062540381
0.897110314735108
0.530871552933595
0.277538823209786
0.190954791979896
0.916018820691868
0.735292483580197
0.879230479787734
0.662435810459263
0.434092083526018
0.194184661281268
0.104956460200932
0.989227875740331
0.253909386380587
0.142545961642232
0.849632416852477
0.639350061352333
0.992428638453334
0.583732507177215
0.0306819106006283
0.579918317641157
0.875390814726485
0.0818192812537731
0.556396342523072
0.839408677813758
0.843897149886146
0.10465292882321
0.00992063965127576
0.0150710644842872
0.514041783773077
0.107729772894872
0.317945950190348
0.79318595459793
0.841846521396033
0.451271749501765
0.649433615421248
0.0383862738580776
0.25292878741569
0.525136555998138
0.644958497797765
0.821331158743089
0.703747252662186
0.881661527026889
0.437982411470459
0.626401597711273
0.130854879600243
0.283981381723081
0.786643431802054
0.618677652970281
0.376341793804592
0.665122738309522
0.178743063329953
0.203937966111563
0.185643728565283
0.831232855681109
0.971115193277907
0.78954193872509
0.468987786593109
0.0913335494252807
0.428728418154631
0.801515747532114
0.678734931998204
0.143978904178473
0.904005336626364
0.493622898178941
0.104216475442212
0.345538721477622
0.859941308304326
0.421984215032562
0.311633955068836
0.791976246304872
0.846441398349184
0.0983785259175606
0.387765586766593
0.605364793202611
0.696147658607582
0.951260050001836
0.525069783842464
0.781236733663582
0.079591250579663
0.878066283993597
0.56273141156295
0.277159394598891
0.572911391053868
0.451016206827354
0.497346000963716
0.347636661372691
0.788557181356287
0.926561451354435
0.11526740414519
0.703983676877871
0.325410080531888
0.638589933155626
0.302533713778737
0.449841059082263
0.468920714845137
0.46117533450925
0.720043158545952
0.848061983633011
0.218312907042598
0.857771295008078
0.263338404591775
0.259451653026022
0.915924016476898
0.780467680173524
0.267186884601855
0.0848723572220297
0.339690800856201
0.869017642554185
0.27601206056533
0.067182080135364
0.376627929384316
0.0291447061576969
0.10422526589439
0.208188315658627
0.0280245950695494
0.942013327086274
0.19937121225746
0.94787117830321
0.414648715371808
0.279465906611113
0.910587740435693
0.657949730831111
0.465540541997086
0.76516586485708
0.256330038878914
0.49063424143731
0.506330030636488
