transitionprobs_Q_i_j
0.472445151912679
0.364478742083086
0.824882744767469
0.200522078652339
0.836567177124739
0.792924841122274
0.767240349733174
0.304117807947585
0.811678231934078
0.351757588925114
0.19360211928622
0.723824900919716
0.172773286984518
0.508849942420884
0.330786799035961
0.223013679022798
0.4717046710152
0.516308313468892
0.235991232302526
0.890625087897955
0.915839419241329
0.715852217500105
0.198054919897759
0.545170285897896
0.872863498744472
0.637696600468821
0.163063293579914
0.0881674633732393
0.812513703541171
0.569655646319271
0.933742494324849
0.606257144038842
0.369205960803886
0.623779056019533
0.490229410455293
0.663614695723635
0.528223174614842
0.834642038948657
0.915417095091709
0.176001255999732
0.176777976539047
0.700117568150213
0.864875354978134
0.796489011125172
0.519328136513888
0.948069506797489
0.678491235746789
0.123565179383786
0.838580780292205
0.189583243649424
0.760575459155526
0.585499934553086
0.401468975489211
0.604833476592475
0.640822971507645
0.0142687745838033
0.840439551584868
0.0206352278475035
0.577730636278223
0.694503801750598
0.0399463087700342
0.846654390418631
0.990633246995432
0.700059521320251
0.985077486381211
0.127144539266337
0.746543908589435
0.597399456041233
0.412461989693351
0.07094442907381
0.616007081916304
0.0376661297086763
0.213450933440092
0.764196747572793
0.405320990616176
0.207785490685836
0.27916702668412
0.543859949726821
0.109845751067283
0.960922086845601
0.206894734005781
0.430919447234238
0.5995660443216
0.359271864503751
0.880603105244147
0.946598321969617
0.155472808723895
0.589629842200724
0.80947005091661
0.063589384956427
0.127057362941725
0.741029961570803
0.591510553509508
0.495131168856993
0.743664165161889
0.991447447442562
0.945629349081339
0.600997209302254
0.298483210860972
0.758623990704147
0.350285108071443
0.949850013160724
0.338151496757293
0.749646399728753
0.708404741330571
0.95915512289094
0.935136579420801
0.387572340384091
0.990594362112183
0.509927816909376
0.476247359405409
0.917882229071938
0.88654047324939
0.36684558197183
0.278788694026644
0.997301335573997
0.950543570863964
0.30834642023591
0.741802721417379
0.27375017170918
0.564119987024361
0.146710127386153
0.236690428724983
0.384088233101809
0.901657611946846
0.95795887461128
0.169706606023401
0.275440985676755
0.11269741363345
0.0295725263585416
0.864726415940498
0.120775273013737
0.265784820344808
0.360770200187963
0.666653621991639
0.346197418757659
0.319004280338457
0.887980578602199
0.0437608025033346
0.983443940139236
0.0300181242212469
0.21530087979878
0.916877914255236
0.166374632769125
0.89479043658589
0.57504262725395
0.121185322523326
0.814214934357355
0.608276946047717
0.449345449468829
0.376234982438151
0.688388885650421
0.708674628820077
0.0402309621260636
0.929734827189046
0.212235692601953
0.625905605913332
0.846003295263189
0.286590395713267
0.200682182050847
0.530969528085853
0.723042804755984
0.857311669176244
0.573760425538626
0.161144597762825
0.31502198279861
0.383777099044134
0.185290324124415
0.979689081064863
0.175062761497248
0.420147892922325
0.839055864217836
0.0179693057649543
0.824117521655815
0.767286805270131
0.535381884128245
0.6684118467945
0.416178486797613
0.109471593513682
0.603042192793933
0.305707376639085
0.210681845526028
0.651235460161809
0.235226821245365
0.66033431041402
0.450426610614319
0.492345532065344
0.300950976974445
0.782097350488073
0.719244327726741
0.272295532731761
0.957778178313179
0.934939169298249
0.558475117000057
0.630907594833656
0.827816165307845
0.764337651087398
0.205808320553233
0.242684680186376
0.121381569277718
0.961438334860433
0.572806546871885
0.218323173549821
0.582382374420941
0.115440252598494
0.534920041660925
0.185552877700205
0.543519202800926
0.551916470999001
0.907461311553575
0.0187074691178644
0.17267239481073
0.470449186571968
0.285407352537813
0.412306545767031
0.65122216149005
0.594544618946985
0.772431263300102
0.932249000907308
0.510875636366924
0.766575888172968
0.573790184344937
0.616346812796821
0.0673714425332529
0.484503873512627
0.213997535464966
0.988801025303377
0.182622974691474
0.401571366051192
0.64780930228041
0.0485817765335242
0.365600244972139
0.791478314230553
0.434471382694851
0.11584116870437
0.667610978935466
0.369363410432542
0.525276630071995
0.761272684990979
0.99818380342151
0.631287437555546
0.534603562044216
0.263907824521508
0.359264065722546
0.892543755643818
0.643658189523537
0.276281950032899
0.407658667949557
0.157891753859599
0.760073844595937
0.313738720256666
0.701795341265623
0.613448117597421
0.0812002153296632
0.850651783692854
0.39253108200612
0.322034210503311
0.318175052898609
0.328857531526332
0.693974490873183
0.628739486434244
0.246525411018941
0.263081087415634
0.549588495076995
0.489990238445308
0.594764632502308
0.762771179416641
0.498097420429156
0.319537226951136
0.109548950616496
0.480781575931254
0.854232263338172
0.658876204748265
0.947479819439037
0.0648943937512415
0.587053691471115
0.215225556389662
0.175229337245203
0.884444603992329
0.281786132366206
0.0911176915762283
0.628975557772905
0.557991452952847
0.806243848026257
0.191653530351236
0.481280057151024
0.247349089014706
0.94604953685126
0.451159785882856
0.219260856854979
0.843492910170219
0.0564916095351927
0.74388725761475
0.446817340208497
0.676006470212764
0.53441964262099
0.542456489741605
0.399664002191044
0.321882346270684
0.0686250919808165
0.389244155896198
0.227805566319264
0.455124846871603
0.160428585855122
0.100624065534178
0.427185318928305
0.186755935859111
0.377492765251531
0.331237842833927
0.647871171742612
0.820725499430112
0.437262148983709
0.0226073765807542
0.817001605867928
0.0562555275438238
0.9862819050761
0.0749893667389204
0.460178017915094
0.663622611201353
0.928957933453904
0.907134447215391
0.35312547111451
0.452579281813899
0.0633995010587123
0.964935901189498
0.343506251645028
0.766580999549978
0.450445657008262
0.042975447047688
0.0315338806337657
0.0687177942287565
0.0453186709502689
0.340031774104371
0.0350977928510168
0.485418642666025
0.891948434383016
0.841275936409919
0.554367995614352
0.875553146674275
0.0676502827044581
0.202384890455231
0.691179835212287
0.409068691962107
0.540664572255252
0.758097959847656
0.635141993602
0.258876047880823
0.505022138902484
0.951746805556828
0.523443676662064
0.230640627440639
0.748563368159785
0.333536342934637
0.213555626820911
0.583046096354162
0.836840037061766
0.882704475247464
0.963003329301478
0.80937222386674
0.20018043932802
0.00337854654746206
0.436052581563351
0.809143783191401
0.139774689378362
0.815809529982486
0.435485211548712
0.429314427104278
0.550557548188773
0.0224127990927594
0.394280458868213
0.386392311473015
0.697781016243737
0.227838716994726
0.507822233842261
0.606529972029836
0.0488877450157649
0.273863266764122
0.947145839066881
0.879146663860564
0.716561071673713
0.139447039000299
0.529127260265763
0.324198408605216
0.228474525168314
0.343101415350848
0.391953494685907
0.185919589196931
0.441796918886369
0.392984443491106
0.311547375890018
0.684211720262821
0.232929175927741
0.663494458276183
0.389596634490813
0.509171143143629
0.827846947693635
0.0933368614089336
0.684791820785662
0.620839263272187
0.180867043798012
0.474928834198297
0.749424600507889
0.823021288867988
0.148466134246043
0.673874410973981
0.0681423538352018
0.0467129376593297
0.557982106479381
0.204168665795752
0.543614895364363
0.410569353097103
0.249462602691465
0.438697912231667
0.230414956283115
0.310730298270552
0.445271691669379
0.175284034992172
0.565989244687263
0.539740303491634
0.106924636511271
0.143626916655726
0.945984685999915
0.887402292343812
0.667626307269003
0.878750599566418
0.56189046032358
0.367189608645308
0.822666520121711
0.886060715422733
0.00100982826351459
0.90642446073002
0.322462351387585
0.955310811541309
0.975237277716772
0.710514709006488
0.276945918577091
0.368459785435541
0.134136523925215
0.0152645684053236
0.19061852126729
0.526306749301644
0.938591082791302
0.558998239801368
0.0283471673339357
0.490535745565281
0.0561865124584666
0.722180752822147
0.0672005151983651
0.947063841982584
0.328532329978881
0.0926799627129831
0.989676817129145
0.435033175923159
0.615479722595394
0.600264688303863
0.00761081533885433
0.743731759291662
0.657360760275982
0.142177665847411
0.643367322752184
0.6667297965068
0.736050631917621
0.24446274038448
0.25554211779179
0.0419946241295117
0.708305480709834
0.278434077732786
0.348465255923927
0.968863220878231
0.309635740480763
0.737024195905005
0.223788482363889
0.0592494843648588
0.407884963981657
0.173457841591801
0.71220151420459
0.252836956755746
0.980735303243796
0.538877115645543
0.375375509854658
0.453144325309161
0.0212287045224134
0.813167554427018
0.0865966652383876
0.318482699316743
0.328974775543728
0.442022237090169
0.309917026368509
0.701358353233276
0.832672838591669
0.944291656395409
0.515187827107167
0.570199145184961
0.183378062094068
0.110178602511024
0.795161607481629
0.234497056002501
0.280210827466653
0.290649867636087
0.939983788811159
0.555500083858208
0.570004105588931
0.917044701993156
0.206996249224158
0.756801063728843
0.203970852031211
0.549581903707651
0.774401901411307
0.247328856273649
0.0815532146704562
0.249659712737217
0.917822421342453
0.129792358614311
0.74614190743321
0.34413512750228
0.207475179237063
0.0137041814533442
0.072134267205746
0.4044179141362
0.724419866564094
0.188606146357233
0.129084815561043
0.736759650163307
0.892443449092552
0.324632129374186
0.975470396940266
0.714181772744472
0.0344318308727509
0.93741102360808
0.231766107047313
0.448470623761427
0.338226923788345
0.952439891214361
0.984531244543993
0.951720198556025
0.795737826452595
0.99293838115292
0.170556701275782
0.376379091489434
0.310919105075104
0.632727193018205
0.951456253445791
0.664869900113599
0.279956002358205
0.354907839604214
0.105857930646312
0.829447048451607
0.445049258854519
0.726695898993591
0.304708168505131
0.163123358813155
0.149551502218502
0.0315492791492953
0.551151404510779
0.273275295376716
0.52548764003772
0.0158824886689314
0.476342707480298
0.924294955619824
0.537670573267725
0.542858891096392
0.131670989455581
0.0927328855415495
0.592946276555672
0.312249236128021
0.447062488094575
0.0439695163202063
0.598535507377291
0.0776555157020402
0.119475574716031
0.270786267608026
0.306083711471241
0.301255193881302
0.760885523137253
0.367941093612951
0.176976097548891
0.0704738490311227
0.966802296521609
0.208580025573211
0.74551329678653
0.949247406093712
0.425520158674538
0.722154460622813
0.792598887032056
0.0416147776569821
0.00109258510986898
0.5807134018851
0.375743948054034
0.950296609182425
0.171867335938879
0.137937462333182
0.976494182588849
0.686199934537269
0.791907029284606
0.255952572189355
0.671558138903213
0.06111037788854
0.287766111435862
0.909549588609347
0.447323425344426
0.432194422346803
0.605662307902982
0.472135918187719
0.769825214438868
0.686081358116934
0.764354699341962
0.203664621551122
0.482436345977723
0.304272242365567
0.374374473506465
0.315180596709972
0.469922896930322
0.0913370631165046
0.0686807924305189
0.145144842764313
