transitionprobs_Q_i_j
0.577586311550541
0.793341243719502
0.286201430036453
0.771705602566276
0.311508381870982
0.486687234640342
0.348240276411326
0.592893989328017
0.643285058213028
0.886202262167455
0.209883428835835
0.851413417302872
0.834909774044525
0.433696081905956
0.932645588629554
0.589174403115132
0.348532754279307
0.866863418445898
0.0456215552539522
0.286811616382594
0.187518344743658
0.307742988709884
0.0329717412029411
0.196225175057427
0.452703044002664
0.722767235675873
0.949087040541763
0.0424667509756662
0.700934630466149
0.44401010244554
0.0305578123509103
0.299879159806356
0.935842429724706
0.135803650543652
0.0457700554815542
0.74655951225888
0.000241438483780776
0.206677551106192
0.801411503910613
0.866998105191072
0.382784910253427
0.0148805789302735
0.831498468020097
0.439369653870581
0.0485056894416588
0.0471765284566233
0.17293791378647
0.504767924903441
0.712700471615986
0.163643961490135
0.132166024557789
0.696617750874993
0.331004006469518
0.371915018457065
0.825780927979849
0.741547534894247
0.953073455651296
0.0349627326425906
0.565308784438201
0.262853800460232
0.508500063304802
0.322248807362195
0.914060374459545
0.968946659726754
0.326645324179416
0.259594584077945
0.0908635508442813
0.299715811612395
0.810688866002382
0.342861358711956
0.600432363220466
0.323547505880496
0.0415008380943535
0.00724061352535166
0.239373079077106
0.516405650684727
0.485642430646801
0.76183610831186
0.534739259418658
0.286554199889612
0.309666492236271
0.408134793097713
0.20623115176775
0.96898313024244
0.168931657214198
0.832865867637022
0.0882781570757134
0.639102752284509
0.891931670635615
0.787578038530393
0.434142934622288
0.541675406167876
0.959573844816187
0.161033048808031
0.574947322134804
0.0504686395005594
0.819750170009588
0.323628577954081
0.217039748873999
0.480297764048864
0.0558987682202869
0.82300933891126
0.0393302813983744
0.518743010375867
0.444094444104743
0.00369401704097716
0.894346218213154
0.895046460421286
0.921777423058873
0.635383581607055
0.103947363531197
0.480032064729168
0.96882644178206
0.648549774782644
0.76217122601925
0.617431925030543
0.317445965742987
0.0569457246439792
0.451257119443707
0.00921028504179178
0.795046177446199
0.889135304924147
0.994177393810475
0.182359769206673
0.653442350268313
0.332323814622512
0.603656063388066
0.631398326855869
0.201764244077016
0.226094074734282
0.707556726648309
0.0925037359407079
0.484810571518899
0.558929199731749
0.157124323443782
0.612425596197249
0.432643950019072
0.603669614915204
0.842655733283663
0.922545152174484
0.528048161213539
0.0427836356241654
0.93556760351474
0.476071359930336
0.320631470994028
0.274837796089308
0.0524497783639418
0.878828393006974
0.543852644463087
0.886438073937126
0.13363158574615
0.0249330938535471
0.646664405601875
0.52537021897123
0.69159374210427
0.80505817250723
0.0507610906205879
0.858965627251307
0.753727210634807
0.30829028887215
0.45212544130163
0.376890937442935
0.79080062573241
0.428469350148266
0.15041164685719
0.0445034931720059
0.0218768227941158
0.677454955334231
0.902265814763878
0.574859586626708
0.5503055688307
0.430284762252579
0.169086717041747
0.181973279792202
0.948729763702432
0.649492802456919
0.226350486751253
0.528380549917322
0.796396129094484
0.99092674281977
0.853727443984368
0.664256370932709
0.435049341529305
0.720511539165084
0.33267641122421
0.349301969799788
0.670649872466937
0.448524663633778
0.966778215203244
0.349690013000116
0.852901366554503
0.223426694926501
0.871154096228827
0.244770302301978
0.215075596874069
0.772963629989905
0.246074618724646
0.275633578214694
0.32031895477158
0.339646351241356
0.443019016450248
0.0145084891167203
0.160633081693658
0.587333615757525
0.974147502626938
0.799899006109524
0.588221143273826
0.25824295523007
0.849373685659031
0.858199815383817
0.597870247621054
0.00939895834241022
0.739293300684616
0.898608582528066
0.607702669774561
0.22878885591228
0.832201360309431
0.410560394549015
0.319916049545756
0.463188315192213
0.899273497688649
0.292890076541076
0.788717992057686
0.812662393091589
0.920907336122729
0.538586828049509
0.916620871614603
0.603849479561888
0.599398879497216
0.0640820104017603
0.740939083443629
0.754338595811011
0.0736872223823866
0.267220588530727
0.296469950240224
0.314611788669961
0.891464314537099
0.109999310836649
0.337341079004549
0.440883260210376
0.110000918216468
0.862337297270262
0.177187466388715
0.449035439141311
0.659109481642837
0.0174310223584326
0.610449828821076
0.366761965305018
0.120657046057764
0.0873303968810676
0.327353388100428
0.120949763056115
0.0462295214164883
0.00299963739490006
0.293398799621477
0.740228705065352
0.997474738712814
0.38241586586429
0.0404001647475256
0.132875600620662
0.655955463946278
0.809700634183783
0.877217664230727
0.699154433160843
0.039786324336415
0.764091659529098
0.772106436526073
0.231684209273367
0.967524360881199
0.660548986529724
0.454612718161925
0.63346288843159
0.485567471493257
0.144053239311317
0.904695000067533
0.0536461950707541
0.0554590867983286
0.318111930855862
0.0756589813083801
0.460258691831676
0.286535592363221
0.774345537844577
0.633473929907608
0.292661765246701
0.979724302163315
0.0704313490254496
0.870242753508513
0.0498882353171487
0.806613668050605
0.310217203163478
0.164046721338601
0.971594745365518
0.286638381100052
0.320865816542489
0.515153418475912
0.977009527359861
0.541866243346728
0.976327017709681
0.612430727878986
0.144890355090629
0.91968653449447
0.924232821010316
0.846467270561156
0.337524063244837
0.0635370470599944
0.302177625357235
0.504077045456261
0.99098075257213
0.72674510228457
0.668161504059927
0.713159601877557
0.891069249321947
0.974627759900317
0.524701416757831
0.855570256173785
0.721943977511993
0.0398095859963192
0.586220968700622
0.948460737739695
0.142299002284523
0.970441998302276
0.938494726920352
0.0761232285991608
0.428429113027219
0.668308681891178
0.678596200367331
0.465908475571317
0.794812225157181
0.670178039498206
0.30612291917897
0.424355222019861
0.863337022968248
0.957898744104022
0.0360561322634927
0.857014358601197
0.964202355851456
0.542180961980292
0.950975183545214
0.55762830215143
0.702985820434975
0.501478530778851
0.331216366139929
0.0847104064790782
0.397379889872222
0.172737752621292
0.35932823800296
0.722116184746997
0.696251442393574
0.0322936611169361
0.439384359524781
0.477959714500637
0.388116152423363
0.940011793010741
0.173458171291095
0.181444791959934
0.787549307593752
0.630831527448581
0.80295240085334
0.41662243604622
0.85317909216424
0.053817152335748
0.396904731919342
0.605456901958926
0.272391502630263
0.532202738937347
0.410189385574505
0.947670573629993
0.899956444823948
0.480632182692657
0.0768092054685133
0.111260343023546
0.999244402903897
0.264893018236061
0.409664987461322
0.496983643348616
0.0426117073944162
0.257044279638354
0.3365849455738
0.195402057201039
0.458734836248574
0.0462517425380928
0.442381058240608
0.852331444891055
0.947208165323511
0.359773985575582
0.184006393733191
0.90062646649005
0.0327711055014737
0.986823008790909
0.978163708856639
0.196910721324414
0.763867778656672
0.815598902203394
0.551564405096436
0.0502876411548768
0.125696182002774
0.453472876025682
0.220875996415958
0.212820714449772
0.570183681834977
0.473915832176866
0.894787094543088
0.563523534352113
0.732551836974549
0.540021302196942
0.924165567751893
0.45294984089259
0.988654108585961
0.115013953973386
0.34797234716916
0.0732192862853208
0.530171527073867
0.868630548533658
0.368031123078628
0.592055807306939
0.36483630040014
0.477059477468014
0.599319396328501
0.797809293131239
0.0719166039070745
0.134552420268311
0.848900628476868
0.626816322814006
0.114586088349798
0.21583223091906
0.358297527411246
0.100623280983512
0.455012910667051
0.524812193528318
0.744174903823792
0.157840744092072
0.0442781979840188
0.570991607837322
0.0308327042790169
0.817815045015703
0.370342047356297
0.215903150396291
0.13001810172715
0.365656296320277
0.446385458653754
0.446304382750127
0.164361331984719
0.835338032177452
0.652022955856188
0.619934169856423
0.799545963261564
0.599444872177351
0.668444765683796
0.105647898588169
0.137254175343599
0.299961346167355
0.274325517672623
0.457256325137656
0.352602630176224
0.542964399619621
0.190221819188351
0.212938754393159
0.805690086733316
0.28367573462571
0.48424486519185
0.83153039471949
0.907591862473028
0.663217935212545
0.504130025057193
0.840231977782901
0.472107619464027
0.943342007868347
0.30820613220586
0.923800677626006
0.523873463622306
0.245972589945024
0.342720219378635
0.200177987713257
0.194551541448476
0.0438900465639043
0.148525648210946
0.723532375864602
0.213320761301562
0.349577324548447
0.057362098085101
0.881283114103683
0.967346558510602
0.357216977224784
0.543880545684695
0.694509838310123
0.794871951720542
0.132068894840189
0.769810109598547
0.616693262800576
0.607691713712638
0.465407778814149
0.775064154977629
0.0798498066101299
0.988763640217691
0.319530903549529
0.290464957795374
0.157538449357749
0.938415020128976
0.376324329800225
0.214013430923771
0.0826439029132323
0.651030863489791
0.724079154192898
0.959099152867233
0.675204167047713
0.606146786764799
0.443641297586146
