transitionprobs_Q_i_j
0.879025608517012
0.000928717904121301
0.802224095660225
0.0270435158017477
0.0458830558504568
0.72374462007026
0.813702855853449
0.659787503789265
0.0385603717137523
0.448017439795754
0.660979845557511
0.927153717763351
0.0878960144283238
0.696249393423176
0.818768742624921
0.937052763863427
0.61746536312042
0.699870487778492
0.561340430856354
0.622928381872488
0.142786664191637
0.799823098639658
0.603748968961246
0.644512002993628
0.471680920142206
0.22811800237972
0.710631255885539
0.420081896500259
0.396335370059911
0.769978844079296
0.672893787470855
0.106062359581149
0.277181844108257
0.668224320559339
0.0122868592718127
0.581014350904757
0.178591970014682
0.171067402178098
0.967410102816077
0.933498204929609
0.645806079886922
0.493742233268213
0.513182494673142
0.488110843782515
0.56882361495785
0.750754741961967
0.186113398416471
0.245792887749172
0.993874011819201
0.449479851959706
0.501411313887159
0.665829265527167
0.193797100183023
0.879710001988051
0.723730493794838
0.413925896897878
0.554744531610329
0.470000765976282
0.166253305827757
0.533010078468203
0.305791146161127
0.0914075414139116
0.252170046559827
0.794997103697208
0.113998200996335
0.88154388034303
0.711871040296945
0.716092193758226
0.243286399425103
0.662283105827293
0.576820635539178
0.254356350107601
0.40590774520427
0.274758059712137
0.560572030192243
0.895016100468752
0.128109930210736
0.994535644403353
0.350772262758831
0.710136607217567
0.592768274510877
0.0438169078949527
0.257041640969926
0.558928617653884
0.809104947135355
0.788681390630093
0.058296201297101
0.833119390535041
0.312427791498977
0.946693993208323
0.784037874545671
0.216606208408197
0.499854315672663
0.131319887684455
0.328654303695093
0.595801799449882
0.706123889695908
0.215601552452114
0.757911377694432
0.0616770439880093
0.525773798857213
0.419646968765749
0.852683499379209
0.050512023945989
0.747494506157874
0.795835134955399
0.0425583549482298
0.980591762088867
0.759873595007553
0.27216681330021
0.510279177562928
0.873979872012393
0.704279734330226
0.652438169726667
0.2954563526863
0.852897465190471
0.167779379685003
0.591800751239083
0.0613826784491064
0.23032685880302
0.704099556598129
0.681618950343412
0.143252809518478
0.255542284438919
0.676504889704578
0.355182462232754
0.201817446542181
0.758979205308777
0.308521303993923
0.877847753015905
0.965579126233344
0.857055635680904
0.687960768154915
0.251840510279304
0.000292771089527855
0.587443416139232
0.132090038704944
0.20478902377927
0.0803834940593453
0.181209160564661
0.499137723867886
0.728629672888651
0.390893375149012
0.923400905357516
0.644955084243427
0.851295797957982
0.048826004987919
0.0160281747292796
0.526877340116348
0.386138384924167
0.352533391741511
0.788106237762269
0.32684151265807
0.46549257585202
0.927444473115082
0.0844600415321952
0.786099139769852
0.293936968329214
0.205399654088588
0.564006752840231
0.985093279245978
0.570732350632824
0.887307639657289
0.985570376448452
0.0675070024949754
0.112852684218852
0.17846341133707
0.296347590655222
0.185564274343805
0.32470733111961
0.370544639112597
0.973676140468293
0.44514439662626
0.990165968045032
0.0161113925830587
0.520219725018057
0.184587929790019
0.431950338998837
0.962794959336524
0.924631414847141
0.100784692147731
0.705585387866978
0.366622670984817
0.156905907588373
0.411525522649228
0.415508527868337
0.139472913062633
0.644797259421509
0.561886772475257
0.707538201095367
0.764285250984315
0.943963733863369
0.831589967537269
0.172437279690218
0.655990915872105
0.155545663250889
0.0155501571441222
0.420873816191398
0.469585418086713
0.90393743407798
0.38682633997951
