transitionprobs_Q_i_j
0.663957276862595
0.26465359686177
0.195340634911476
0.472432724720961
0.901660339588308
0.682516987684855
0.264548250368294
0.443459057155126
0.0549920983416843
0.0809766008119782
0.958471075573929
0.295071868991267
0.763301071235337
0.832811282966819
0.582133421663959
0.26850021688847
0.451400056223026
0.345991597006055
0.0643875269886504
0.524157930458724
0.857898852411956
0.438289165582516
0.31093473893007
0.858616907763984
0.00776928274678679
0.228430393917564
0.410005847989748
0.341719112454713
0.722908165963912
0.319257638109811
0.601540285409584
0.188546843090592
0.356780410682299
0.92713595736908
0.0665944695427224
0.825624161403621
0.00718183708950315
0.556008449279317
0.887298832713332
0.666843032813198
0.548756532228341
0.0735720891466398
0.799987486186487
0.226370440247704
0.404902538955411
0.511136221019322
0.892881785215174
0.728140574617069
0.879845227006783
0.466886147569591
0.417806730947443
0.472768111997246
0.76805602345057
0.156691761574013
0.0201352297989799
0.217598272953348
0.714012158698283
0.759423837058879
0.392434935083761
0.767254158008985
0.834724030971724
0.103863832793862
0.904674531991112
0.542809280647097
0.995320823419324
0.286785438867697
0.895442331580811
0.476391398020545
0.0516849344896863
0.574446353209937
0.276964671631883
0.10005854697155
0.178019824181449
0.154991879784831
0.590040289758787
0.384258733868851
0.854837972772092
0.355140560957429
0.275669395024014
0.275976567230842
0.244789633099251
0.780901542860444
0.616503123948683
0.404241253612331
0.133843463807167
0.680410956451969
0.745739595521209
0.616073547545492
0.471999776054036
0.229146551570779
0.733920164641925
0.103267573453916
0.826149450719427
0.601538546129259
0.344187424929939
0.913107852409037
0.737677627879873
0.835265852698459
0.60099259118205
0.152130388756541
0.51938906197842
0.325968079973551
0.744969965444941
0.0908415019985749
0.959556672897235
0.46153473418983
0.799323680911999
0.290125940217443
0.69518214092559
0.670797875691756
0.433057306347342
0.958542765725282
0.234674036580597
0.155187732824355
0.435945566477878
0.601441436217668
0.696825203262963
0.329485199309984
0.944453329926755
0.107016419752447
0.697688051501281
0.177843945866548
0.121225692726704
0.0705181732321446
0.629123164447017
0.589456089835908
0.863199818188061
0.579504186160541
0.117313242518779
0.864330547897741
0.0346708433794917
0.21164698078063
0.134999626490737
0.2633112919285
0.0282232400427297
0.884770901043041
0.737191482061417
0.156894900457625
0.696246461456031
0.312505953758136
0.942539260022565
0.899033517854524
0.972928630696091
0.986903452742049
0.169089473868967
0.694514979789395
0.507709710558195
0.0435179276293423
0.252049741638195
0.723874205178217
0.581493744275639
0.62087451726421
0.346465098369231
0.402245250614244
0.957047688658855
0.131115929195102
0.0589313841338706
0.52768816939086
0.470284655765721
0.106559569730089
0.380220113492332
0.132943811654487
0.0685160043293203
0.627796918561365
0.400527872960374
0.534834217057072
0.975679091461438
0.787129317834927
0.970070113472356
0.138232421863099
0.0915841029746156
0.0313634774747346
0.664181624690724
0.395346005785257
0.379192823773882
0.968271432857674
0.874726161353134
0.056234909880551
0.347765726794806
0.0714661102762271
0.923256190341148
0.379144361235729
0.994595237220693
0.204756215886908
0.448385247398473
0.373940896498849
0.149118667579134
0.132174456976188
0.943708144949213
0.00829085432850973
0.500953945909739
0.299023689008759
0.227935475387435
0.0291313288371796
0.275517831831606
0.908437106329646
0.942729259897625
0.205102113434568
0.220663628246564
0.189344355832709
0.880668582487322
0.89025632770054
0.886872194115053
0.299721678256158
0.571490546910339
0.0579250715498932
0.876008402777547
0.844377824718532
0.298428657959614
0.810039778182736
0.419725109766611
0.903560077210067
0.225945793251189
0.440058717252167
0.0858702223892156
0.0700802542268929
0.427844432528237
0.0822792256069503
0.981296760065675
0.413763473664561
0.420001018914625
0.0233265839452117
0.499826186022219
0.504401494315041
0.506227957699077
0.27005086559959
0.489617278479895
0.752359113245095
0.551470958347166
0.448988553710266
0.346888486595403
0.668191293633973
0.53176059873034
0.762788954988682
0.332963825381517
0.424034530046015
0.0486835825676064
0.783569501482589
0.946594494961676
0.214489222322979
0.535769218137309
0.732938836166578
0.559336191082351
0.0591365394483473
0.389648568838262
0.476521623894494
0.22315967021615
0.636136521519803
0.445601549309225
0.518049472016063
0.29119654612266
0.0777521104685346
0.67235476106496
0.106518140021659
0.154711423326313
0.00878272638528466
0.526166352001357
0.935010899283932
0.0557247615150323
0.361803303723477
0.839536614429573
0.884792945097995
0.445487225254613
0.710621727547174
0.308931844073704
0.099838490308911
0.554199085210802
0.613775574808188
0.474650597933447
0.398135826319956
0.228018952282769
0.675213613746151
0.453405494988583
0.630301956275162
0.786620119376107
0.495269637463375
0.0289008102330942
0.287503435900793
0.256770069637413
0.464125890342374
0.659835459922734
0.836537176761411
0.265667531211938
0.502320696513202
0.878177032394047
0.656973439561251
0.393851789361268
0.547995662363579
0.229097465351738
0.533148026716179
0.0220103954189436
0.174986370684709
0.163360673958205
0.792733791195962
0.651438826017889
0.943159589697395
0.972117453086904
0.389741204496297
0.366151415220359
0.795128916166952
0.999514168783241
0.373903487456295
0.852208507926393
0.159177952736171
0.382022418834446
0.734784180601793
0.723236241707829
0.247514145567343
0.341103065297179
0.536518540881634
0.79913319745541
0.613161106883228
0.29972176737136
0.53542624244135
0.451182762930539
0.0253569501371527
0.231217495193885
0.830417751006272
0.951969889487178
0.442158132924706
0.535523113442687
0.381630844300007
0.99101021081312
0.709073566671227
0.667670679952758
0.0963339108342698
0.0379047641822666
0.60231585364031
0.134248909494744
0.0296285791341313
0.942193977534819
0.287984953459181
0.557332291125091
