transitionprobs_Q_i_j
0.779097181016516
0.633842007065464
0.777864227065185
0.926192474092174
0.550357134931526
0.942979247700591
0.449098468130369
0.581082664487489
0.361564813465748
0.775536091112058
0.0131453951294983
0.672012728289166
0.518409302891912
0.0448772269771029
0.681331791864377
0.109300559588425
0.575261733481032
0.250827649952245
0.197145616926174
0.203273336253919
0.312071433057012
0.707200517664623
0.927934098586184
0.561027247502518
0.983648036646611
0.77000781122467
0.186217641100155
0.636081026930017
0.75130759201479
0.0899889839425191
0.585728915229488
0.864188514687319
0.387101444318315
0.954290265338185
0.192287620952346
0.12624804063002
0.805280265585226
0.470464654266778
0.341112507307768
0.466260464858701
0.553081056910265
0.968446462333312
0.0118652668506484
0.601004915018375
0.857305352424821
0.204076427002224
0.174078465591867
0.361592308784337
0.489739013356897
0.243598279985363
0.90455342842455
0.942682027034421
0.842721165765457
0.756813635974275
0.142076361576155
0.342571523357066
0.180123285866916
0.942898691865647
0.410371628905525
0.984392760031774
0.538394962799709
0.530590694851635
0.686300595733199
0.665593718869316
0.300024432000218
0.780981391228965
0.228546825595424
0.950456487975579
0.575259670811175
0.755672003921219
0.735286816211273
0.875452721795184
0.582570905980002
0.406493617834229
0.0648231343651321
0.746091580300008
0.883960848052451
0.503838060922946
0.845098803977878
0.956233141976592
0.0474981404063187
0.605876408125826
0.420509170585506
0.635885412045264
0.72363036954547
0.497432514493311
0.914393029313247
0.680848784861092
0.867807454078127
0.722776359849112
0.516703293514293
0.239804022472105
0.347541780242794
0.253413356559915
0.219182479097103
0.0102221447710995
0.680724472953757
0.734040926727349
0.941661819841463
0.475692826680257
0.110757825341892
0.599688522315022
0.239197014424733
0.318208240499292
0.186554750076637
0.305014278001776
0.647466544823654
0.178983676367594
0.110742752661832
0.882356081661532
0.320814513946414
0.656410093942999
0.37620348074069
0.679779807797634
0.932451100032658
0.401089941172206
0.6156822315622
0.111813235287965
0.0891495040636943
0.268106280662188
0.532954657537769
0.226570935476541
0.786643394879364
0.863612727798713
0.992763332467124
0.54756091522537
0.738501997214582
0.893600971606945
0.187836215774216
0.367933801939826
0.659091107493874
0.915015219817472
0.311037668899542
0.36672080947809
0.877788548639238
0.410161647027488
0.631345652339283
0.117489328428774
0.238607032011513
0.700565159194042
0.262850058038745
0.728272414427054
0.854060045626671
0.376780063957416
0.659891026542561
0.999063606329146
0.354736433192289
0.915753148344562
0.0984708755284138
0.167713717719177
0.00701368268528901
0.564746281451035
0.685940386604643
0.444485209306827
0.273504402312109
0.957001862569989
0.0363575052701216
0.973577149432786
0.993685995791603
0.130684292919128
0.0992151215911903
0.733366944863973
0.478025432339154
0.936823956361185
0.790511043878554
0.405582677894224
0.316258140287354
0.506526507179594
0.0788810902935716
0.0511926344712875
0.73351400234595
0.947854216417244
0.609156224499029
0.801016830308987
0.0888978126645088
0.373468205870086
0.654906706376187
0.468462531275636
0.40944454814207
0.187611256998907
0.299931339823361
0.588581577852314
0.600206840170293
0.480811264103224
0.511639709439206
0.448009682445461
0.679127553403756
0.579074664761978
0.144997975853568
0.0831318846886629
0.49186762691246
0.5286179172356
0.420313003455003
0.047456158528175
0.559791985068502
0.254825235729298
0.233785267026523
0.0206474455417223
0.363835777543826
0.634898511719142
0.510220573045494
0.288601643785577
0.591385576702303
0.90687695457774
0.644292522192961
0.487223300049342
0.0628015023856393
0.492846797266077
0.855825822591484
0.360525311058878
0.916788836025762
0.558997753816332
0.636530978076824
0.584845616556531
0.260286894462154
0.403439379009003
0.886514629830704
0.0797013428198727
0.91207592492949
0.188598051122564
0.15514267558619
0.486381573147087
0.0100157813214645
0.174319371619208
0.837196298592572
0.847108013898639
0.251696171613991
0.518960705315793
0.766834042952053
0.974483377008627
0.965055372112501
0.205425309273402
0.705521045289027
0.357896502249094
0.217421641376947
0.00731032373120732
0.0770386310136993
0.535832284214747
0.809893719957263
0.766652858078603
0.806703962968129
0.897773655954551
0.13547479652013
0.42816078865603
0.749313375947481
0.0889863766967742
0.328588876888349
0.912465709956605
0.523443057702559
0.135019771497634
0.274920015662936
0.26785269024651
0.521046723804876
0.417991343595518
0.313288045055174
0.342508760920569
0.672426151382338
0.0962864381174691
0.514832462440219
0.973164916109845
0.424094190226825
0.482381200442984
0.693748882212926
0.799361254365385
0.670709440948601
0.736783245725518
